   0.0000000e+00   1.0140227e+02   0.0000000e+00
   1.0000000e+00   7.4740686e+00   1.2874276e+01
   2.0000000e+00   1.8692664e+01   3.1297806e+01
   3.0000000e+00  -7.6680705e+00  -2.0073595e+00
   4.0000000e+00   6.0971039e+00   2.1587779e+01
   5.0000000e+00   5.3422765e+00  -4.8868199e+00
   6.0000000e+00  -1.2419242e+01   1.3415994e+01
   7.0000000e+00  -5.7246251e+00  -4.1164771e+00
   8.0000000e+00  -2.1753726e+00   2.6784782e+00
   9.0000000e+00  -3.5782849e+00  -1.1485894e+00
   1.0000000e+01  -2.7236827e+00  -1.6617453e+00
   1.1000000e+01  -6.0098733e+00  -3.7043427e+00
   1.2000000e+01  -7.4463199e-01  -3.6666019e-02
   1.3000000e+01   3.5740396e-01  -4.8891692e+00
   1.4000000e+01  -4.3622307e+00   1.9421700e+00
   1.5000000e+01  -1.6662096e+00  -1.0174494e+01
   1.6000000e+01   1.9899139e+00  -1.3211335e+00
   1.7000000e+01   3.0818222e+00  -4.9880473e+00
   1.8000000e+01   4.5633419e+00   9.9571037e-02
   1.9000000e+01   8.9308427e-01  -1.3921486e+00
   2.0000000e+01   3.2035390e+00   2.3021540e-01
   2.1000000e+01   4.4959855e+00  -1.3747759e+00
   2.2000000e+01   1.6098354e+00   6.6722103e+00
   2.3000000e+01   2.1972287e+00  -3.0759170e+00
   2.4000000e+01  -4.5326703e-01   8.2825229e+00
   2.5000000e+01   1.2336949e+00  -2.8067936e+00
   2.6000000e+01  -1.7366819e+00   6.6749387e+00
   2.7000000e+01   5.2916250e-01  -7.9709072e-02
   2.8000000e+01  -5.4742809e+00   2.4348514e+00
   2.9000000e+01   2.5939854e+00   1.7845558e-01
   3.0000000e+01  -7.4409204e+00   1.7591493e+00
   3.1000000e+01   2.1390284e+00  -2.2558258e+00
   3.2000000e+01  -6.3062090e+00   7.3328783e-01
   3.3000000e+01   1.5301881e+00  -4.1987855e+00
   3.4000000e+01  -2.6988387e+00  -8.7978167e-01
   3.5000000e+01   2.0239819e+00  -2.0149551e+00
   3.6000000e+01  -2.3088142e+00  -3.3114612e+00
   3.7000000e+01   5.1152396e+00  -9.9927667e-02
   3.8000000e+01  -2.9178528e+00  -2.7416323e+00
   3.9000000e+01   6.7696850e+00   6.3237665e-01
