0.000000	1.000000
0.100000	0.998750
0.200000	0.995004
0.300000	0.988771
0.400000	0.980067
0.500000	0.968912
0.600000	0.955336
0.700000	0.939373
0.800000	0.921061
0.900000	0.900447
1.000000	0.877583
1.100000	0.852525
1.200000	0.825336
1.300000	0.796084
1.400000	0.764842
1.500000	0.731689
1.600000	0.696707
1.700000	0.659983
1.800000	0.621610
1.900000	0.581683
2.000000	0.540302
2.100000	0.497571
2.200000	0.453596
2.300000	0.408487
2.400000	0.362358
2.500000	0.315322
2.600000	0.267499
2.700000	0.219007
2.800000	0.169967
2.900000	0.120503
3.000000	0.070737
3.100000	0.020795
3.200000	-0.029200
3.300000	-0.079121
3.400000	-0.128844
3.500000	-0.178246
3.600000	-0.227202
3.700000	-0.275590
3.800000	-0.323290
3.900000	-0.370181
4.000000	-0.416147
4.100000	-0.461073
4.200000	-0.504846
4.300000	-0.547358
4.400000	-0.588501
4.500000	-0.628174
4.600000	-0.666276
4.700000	-0.702713
4.800000	-0.737394
4.900000	-0.770231
5.000000	-0.801144
5.100000	-0.830054
5.200000	-0.856889
5.300000	-0.881582
5.400000	-0.904072
5.500000	-0.924302
5.600000	-0.942222
5.700000	-0.957787
5.800000	-0.970958
5.900000	-0.981702
6.000000	-0.989992
6.100000	-0.995808
6.200000	-0.999135
6.300000	-0.999965
6.400000	-0.998295
6.500000	-0.994130
6.600000	-0.987480
6.700000	-0.978362
6.800000	-0.966798
6.900000	-0.952818
7.000000	-0.936457
7.100000	-0.917755
7.200000	-0.896758
7.300000	-0.873521
7.400000	-0.848100
7.500000	-0.820559
7.600000	-0.790968
7.700000	-0.759399
7.800000	-0.725932
7.900000	-0.690651
8.000000	-0.653644
8.100000	-0.615002
8.200000	-0.574824
8.300000	-0.533209
8.400000	-0.490261
8.500000	-0.446087
8.600000	-0.400799
8.700000	-0.354509
8.800000	-0.307333
8.900000	-0.259389
9.000000	-0.210796
9.100000	-0.161676
9.200000	-0.112153
9.300000	-0.062349
9.400000	-0.012389
9.500000	0.037602
9.600000	0.087499
9.700000	0.137177
9.800000	0.186512
9.900000	0.235381
10.000000	0.283662
10.100000	0.331234
10.200000	0.377978
10.300000	0.423777
10.400000	0.468517
10.500000	0.512085
10.600000	0.554374
10.700000	0.595278
10.800000	0.634693
10.900000	0.672522
11.000000	0.708670
11.100000	0.743046
11.200000	0.775566
11.300000	0.806147
11.400000	0.834713
11.500000	0.861192
11.600000	0.885520
11.700000	0.907633
11.800000	0.927478
11.900000	0.945005
12.000000	0.960170
12.100000	0.972935
12.200000	0.983268
12.300000	0.991144
12.400000	0.996542
12.500000	0.999449
12.600000	0.999859
12.700000	0.997769
12.800000	0.993185
12.900000	0.986119
13.000000	0.976588
13.100000	0.964616
13.200000	0.950233
13.300000	0.933474
13.400000	0.914383
13.500000	0.893006
13.600000	0.869397
13.700000	0.843616
13.800000	0.815725
13.900000	0.785796
14.000000	0.753902
14.100000	0.720124
14.200000	0.684547
14.300000	0.647258
14.400000	0.608351
14.500000	0.567924
14.600000	0.526078
14.700000	0.482916
14.800000	0.438547
14.900000	0.393083
15.000000	0.346635
15.100000	0.299322
15.200000	0.251260
15.300000	0.202570
15.400000	0.153374
15.500000	0.103794
15.600000	0.053955
15.700000	0.003982
15.800000	-0.046002
15.900000	-0.095871
16.000000	-0.145500
16.100000	-0.194765
16.200000	-0.243544
16.300000	-0.291714
16.400000	-0.339155
16.500000	-0.385748
16.600000	-0.431377
16.700000	-0.475928
16.800000	-0.519289
16.900000	-0.561352
17.000000	-0.602012
17.100000	-0.641167
17.200000	-0.678720
17.300000	-0.714576
17.400000	-0.748647
17.500000	-0.780846
17.600000	-0.811093
17.700000	-0.839313
17.800000	-0.865435
17.900000	-0.889394
18.000000	-0.911130
18.100000	-0.930589
18.200000	-0.947722
18.300000	-0.962485
18.400000	-0.974844
18.500000	-0.984765
18.600000	-0.992225
18.700000	-0.997205
18.800000	-0.999693
18.900000	-0.999682
19.000000	-0.997172
19.100000	-0.992170
19.200000	-0.984688
19.300000	-0.974745
19.400000	-0.962365
19.500000	-0.947580
19.600000	-0.930426
19.700000	-0.910947
19.800000	-0.889191
19.900000	-0.865213
20.000000	-0.839072
20.100000	-0.810833
20.200000	-0.780568
20.300000	-0.748352
20.400000	-0.714266
20.500000	-0.678394
20.600000	-0.640826
20.700000	-0.601657
20.800000	-0.560984
20.900000	-0.518909
21.000000	-0.475537
21.100000	-0.430976
21.200000	-0.385338
21.300000	-0.338737
21.400000	-0.291289
21.500000	-0.243113
21.600000	-0.194330
21.700000	-0.145061
21.800000	-0.095429
21.900000	-0.045559
22.000000	0.004426
22.100000	0.054399
22.200000	0.104236
22.300000	0.153813
22.400000	0.203005
22.500000	0.251690
22.600000	0.299745
22.700000	0.347052
22.800000	0.393491
22.900000	0.438946
23.000000	0.483305
23.100000	0.526455
23.200000	0.568290
23.300000	0.608704
23.400000	0.647596
23.500000	0.684870
23.600000	0.720432
23.700000	0.754194
23.800000	0.786070
23.900000	0.815982
24.000000	0.843854
24.100000	0.869617
24.200000	0.893206
24.300000	0.914563
24.400000	0.933634
24.500000	0.950371
24.600000	0.964733
24.700000	0.976683
24.800000	0.986192
24.900000	0.993237
25.000000	0.997798
25.100000	0.999866
25.200000	0.999435
25.300000	0.996505
25.400000	0.991085
25.500000	0.983187
25.600000	0.972833
25.700000	0.960046
25.800000	0.944860
25.900000	0.927312
26.000000	0.907447
26.100000	0.885313
26.200000	0.860967
26.300000	0.834468
26.400000	0.805884
26.500000	0.775285
26.600000	0.742749
26.700000	0.708356
26.800000	0.672193
26.900000	0.634350
27.000000	0.594921
27.100000	0.554005
27.200000	0.511704
27.300000	0.468124
27.400000	0.423375
27.500000	0.377567
27.600000	0.330815
27.700000	0.283236
27.800000	0.234950
27.900000	0.186076
28.000000	0.136737
28.100000	0.087057
28.200000	0.037158
28.300000	-0.012833
28.400000	-0.062792
28.500000	-0.112594
28.600000	-0.162114
28.700000	-0.211230
28.800000	-0.259817
28.900000	-0.307755
29.000000	-0.354924
29.100000	-0.401206
29.200000	-0.446485
29.300000	-0.490648
29.400000	-0.533584
29.500000	-0.575187
29.600000	-0.615352
29.700000	-0.653980
29.800000	-0.690972
29.900000	-0.726238
30.000000	-0.759688
30.100000	-0.791239
30.200000	-0.820813
30.300000	-0.848335
30.400000	-0.873737
30.500000	-0.896955
30.600000	-0.917931
30.700000	-0.936612
30.800000	-0.952953
30.900000	-0.966912
31.000000	-0.978453
31.100000	-0.987550
31.200000	-0.994178
31.300000	-0.998321
31.400000	-0.999968
31.500000	-0.999117
31.600000	-0.995768
31.700000	-0.989930
31.800000	-0.981618
31.900000	-0.970852
32.000000	-0.957659
32.100000	-0.942073
32.200000	-0.924133
32.300000	-0.903882
32.400000	-0.881372
32.500000	-0.856660
32.600000	-0.829806
32.700000	-0.800878
32.800000	-0.769948
32.900000	-0.737094
33.000000	-0.702397
33.100000	-0.665945
33.200000	-0.627828
33.300000	-0.588142
33.400000	-0.546986
33.500000	-0.504463
33.600000	-0.460679
33.700000	-0.415743
33.800000	-0.369768
33.900000	-0.322869
34.000000	-0.275163
34.100000	-0.226770
34.200000	-0.177809
34.300000	-0.128404
34.400000	-0.078678
34.500000	-0.028756
34.600000	0.021239
34.700000	0.071180
34.800000	0.120944
34.900000	0.170405
35.000000	0.219440
35.100000	0.267927
35.200000	0.315744
35.300000	0.362772
35.400000	0.408893
35.500000	0.453992
35.600000	0.497956
35.700000	0.540676
35.800000	0.582044
35.900000	0.621958
36.000000	0.660317
36.100000	0.697025
36.200000	0.731991
36.300000	0.765128
36.400000	0.796352
36.500000	0.825586
36.600000	0.852757
36.700000	0.877795
36.800000	0.900640
36.900000	0.921234
37.000000	0.939525
37.100000	0.955468
37.200000	0.969022
37.300000	0.980155
37.400000	0.988837
37.500000	0.995048
37.600000	0.998772
37.700000	1.000000
37.800000	0.998728
37.900000	0.994960
38.000000	0.988705
38.100000	0.979978
38.200000	0.968802
38.300000	0.955205
38.400000	0.939220
38.500000	0.920888
38.600000	0.900254
38.700000	0.877370
38.800000	0.852292
38.900000	0.825085
39.000000	0.795815
39.100000	0.764556
39.200000	0.731386
39.300000	0.696388
39.400000	0.659649
39.500000	0.621262
39.600000	0.581322
39.700000	0.539929
39.800000	0.497186
39.900000	0.453200
40.000000	0.408082
40.100000	0.361944
40.200000	0.314901
40.300000	0.267071
40.400000	0.218573
40.500000	0.169530
40.600000	0.120062
40.700000	0.070294
40.800000	0.020351
40.900000	-0.029643
41.000000	-0.079564
41.100000	-0.129285
41.200000	-0.178683
41.300000	-0.227635
41.400000	-0.276017
41.500000	-0.323710
41.600000	-0.370593
41.700000	-0.416551
41.800000	-0.461467
41.900000	-0.505229
42.000000	-0.547729
42.100000	-0.588860
42.200000	-0.628519
42.300000	-0.666607
42.400000	-0.703029
42.500000	-0.737694
42.600000	-0.770514
42.700000	-0.801409
42.800000	-0.830301
42.900000	-0.857118
43.000000	-0.881792
43.100000	-0.904262
43.200000	-0.924472
43.300000	-0.942371
43.400000	-0.957915
43.500000	-0.971064
43.600000	-0.981787
43.700000	-0.990055
43.800000	-0.995849
43.900000	-0.999154
44.000000	-0.999961
44.100000	-0.998269
44.200000	-0.994082
44.300000	-0.987410
44.400000	-0.978270
44.500000	-0.966685
44.600000	-0.952683
44.700000	-0.936301
44.800000	-0.917578
44.900000	-0.896562
45.000000	-0.873305
45.100000	-0.847865
45.200000	-0.820305
45.300000	-0.790696
45.400000	-0.759110
45.500000	-0.725627
45.600000	-0.690330
45.700000	-0.653307
45.800000	-0.614652
45.900000	-0.574461
46.000000	-0.532833
46.100000	-0.489874
46.200000	-0.445690
46.300000	-0.400392
46.400000	-0.354094
46.500000	-0.306910
46.600000	-0.258960
46.700000	-0.210362
46.800000	-0.161238
46.900000	-0.111711
47.000000	-0.061905
47.100000	-0.011945
47.200000	0.038046
47.300000	0.087941
47.400000	0.137617
47.500000	0.186949
47.600000	0.235813
47.700000	0.284088
47.800000	0.331653
47.900000	0.378389
48.000000	0.424179
48.100000	0.468909
48.200000	0.512467
48.300000	0.554744
48.400000	0.595634
48.500000	0.635036
48.600000	0.672850
48.700000	0.708983
48.800000	0.743344
48.900000	0.775846
49.000000	0.806409
49.100000	0.834957
49.200000	0.861418
49.300000	0.885726
49.400000	0.907820
49.500000	0.927644
49.600000	0.945151
49.700000	0.960294
49.800000	0.973038
49.900000	0.983349
50.000000	0.991203
50.100000	0.996579
50.200000	0.999464
50.300000	0.999851
50.400000	0.997739
50.500000	0.993133
50.600000	0.986045
50.700000	0.976492
50.800000	0.964498
50.900000	0.950094
51.000000	0.933315
51.100000	0.914203
51.200000	0.892806
51.300000	0.869178
51.400000	0.843377
51.500000	0.815468
51.600000	0.785521
51.700000	0.753610
51.800000	0.719816
51.900000	0.684223
52.000000	0.646919
52.100000	0.607999
52.200000	0.567559
52.300000	0.525700
52.400000	0.482527
52.500000	0.438148
52.600000	0.392674
52.700000	0.346219
52.800000	0.298898
52.900000	0.250830
53.000000	0.202135
53.100000	0.152935
53.200000	0.103353
53.300000	0.053512
53.400000	0.003538
53.500000	-0.046446
53.600000	-0.096313
53.700000	-0.145939
53.800000	-0.195201
53.900000	-0.243975
54.000000	-0.292139
54.100000	-0.339573
54.200000	-0.386158
54.300000	-0.431777
54.400000	-0.476318
54.500000	-0.519668
54.600000	-0.561719
54.700000	-0.602366
54.800000	-0.641508
54.900000	-0.679046
55.000000	-0.714887
55.100000	-0.748941
55.200000	-0.781123
55.300000	-0.811353
55.400000	-0.839554
55.500000	-0.865658
55.600000	-0.889597
55.700000	-0.911313
55.800000	-0.930751
55.900000	-0.947863
56.000000	-0.962606
56.100000	-0.974943
56.200000	-0.984842
56.300000	-0.992280
56.400000	-0.997239
56.500000	-0.999704
56.600000	-0.999671
56.700000	-0.997139
56.800000	-0.992114
56.900000	-0.984610
57.000000	-0.974645
57.100000	-0.962244
57.200000	-0.947438
57.300000	-0.930263
57.400000	-0.910764
57.500000	-0.888988
57.600000	-0.864990
57.700000	-0.838830
57.800000	-0.810573
57.900000	-0.780291
58.000000	-0.748058
58.100000	-0.713955
58.200000	-0.678068
58.300000	-0.640485
58.400000	-0.601302
58.500000	-0.560617
58.600000	-0.518529
58.700000	-0.475146
58.800000	-0.430575
58.900000	-0.384928
59.000000	-0.338319
59.100000	-0.290864
59.200000	-0.242683
59.300000	-0.193894
59.400000	-0.144621
59.500000	-0.094987
59.600000	-0.045115
59.700000	0.004870
59.800000	0.054842
59.900000	0.104678
60.000000	0.154251
60.100000	0.203440
60.200000	0.252119
60.300000	0.300169
60.400000	0.347468
60.500000	0.393899
60.600000	0.439345
60.700000	0.483693
60.800000	0.526833
60.900000	0.568655
61.000000	0.609056
61.100000	0.647935
61.200000	0.685194
61.300000	0.720740
61.400000	0.754485
61.500000	0.786345
61.600000	0.816239
61.700000	0.844092
61.800000	0.869836
61.900000	0.893406
62.000000	0.914742
62.100000	0.933793
62.200000	0.950509
62.300000	0.964849
62.400000	0.976778
62.500000	0.986266
62.600000	0.993288
62.700000	0.997828
62.800000	0.999873
62.900000	0.999420
63.000000	0.996468
63.100000	0.991026
63.200000	0.983106
63.300000	0.972730
63.400000	0.959922
63.500000	0.944715
63.600000	0.927146
63.700000	0.907260
63.800000	0.885107
63.900000	0.860741
64.000000	0.834223
64.100000	0.805621
64.200000	0.775005
64.300000	0.742452
64.400000	0.708043
64.500000	0.671864
64.600000	0.634006
64.700000	0.594564
64.800000	0.553635
64.900000	0.511322
65.000000	0.467732
65.100000	0.422972
65.200000	0.377155
65.300000	0.330396
65.400000	0.282810
65.500000	0.234518
65.600000	0.185640
65.700000	0.136297
65.800000	0.086614
65.900000	0.036715
66.000000	-0.013277
66.100000	-0.063235
66.200000	-0.113035
66.300000	-0.162553
66.400000	-0.211664
66.500000	-0.260246
66.600000	-0.308178
66.700000	-0.355339
66.800000	-0.401613
66.900000	-0.446882
67.000000	-0.491035
67.100000	-0.533960
67.200000	-0.575550
67.300000	-0.615702
67.400000	-0.654316
67.500000	-0.691293
67.600000	-0.726543
67.700000	-0.759977
67.800000	-0.791511
67.900000	-0.821067
68.000000	-0.848570
68.100000	-0.873953
68.200000	-0.897151
68.300000	-0.918107
68.400000	-0.936768
68.500000	-0.953087
68.600000	-0.967025
68.700000	-0.978545
68.800000	-0.987619
68.900000	-0.994225
69.000000	-0.998346
69.100000	-0.999972
69.200000	-0.999098
69.300000	-0.995727
69.400000	-0.989867
69.500000	-0.981533
69.600000	-0.970745
69.700000	-0.957532
69.800000	-0.941924
69.900000	-0.923963
70.000000	-0.903692
70.100000	-0.881163
70.200000	-0.856431
70.300000	-0.829558
70.400000	-0.800612
70.500000	-0.769665
70.600000	-0.736794
70.700000	-0.702081
70.800000	-0.665613
70.900000	-0.627482
71.000000	-0.587783
71.100000	-0.546614
71.200000	-0.504079
71.300000	-0.460284
71.400000	-0.415339
71.500000	-0.369356
71.600000	-0.322449
71.700000	-0.274736
71.800000	-0.226337
71.900000	-0.177372
72.000000	-0.127964
72.100000	-0.078235
72.200000	-0.028312
72.300000	0.021683
72.400000	0.071623
72.500000	0.121384
72.600000	0.170842
72.700000	0.219873
72.800000	0.268355
72.900000	0.316165
73.000000	0.363185
73.100000	0.409298
73.200000	0.454387
73.300000	0.498341
73.400000	0.541049
73.500000	0.582405
73.600000	0.622305
73.700000	0.660650
73.800000	0.697344
73.900000	0.732294
74.000000	0.765414
74.100000	0.796621
74.200000	0.825837
74.300000	0.852988
74.400000	0.878008
74.500000	0.900833
74.600000	0.921406
74.700000	0.939677
74.800000	0.955599
74.900000	0.969132
75.000000	0.980243
75.100000	0.988903
75.200000	0.995092
75.300000	0.998794
75.400000	1.000000
75.500000	0.998705
75.600000	0.994915
75.700000	0.988638
75.800000	0.979890
75.900000	0.968692
76.000000	0.955074
76.100000	0.939068
76.200000	0.920715
76.300000	0.900060
76.400000	0.877156
76.500000	0.852060
76.600000	0.824834
76.700000	0.795546
76.800000	0.764270
76.900000	0.731083
77.000000	0.696069
77.100000	0.659316
77.200000	0.620914
77.300000	0.580960
77.400000	0.539555
77.500000	0.496800
77.600000	0.452804
77.700000	0.407677
77.800000	0.361530
77.900000	0.314479
78.000000	0.266643
78.100000	0.218140
78.200000	0.169092
78.300000	0.119621
78.400000	0.069851
78.500000	0.019907
78.600000	-0.030087
78.700000	-0.080006
78.800000	-0.129725
78.900000	-0.179120
79.000000	-0.228067
79.100000	-0.276444
79.200000	-0.324130
79.300000	-0.371006
79.400000	-0.416954
79.500000	-0.461861
79.600000	-0.505613
79.700000	-0.548101
79.800000	-0.589219
79.900000	-0.628864
80.000000	-0.666938
80.100000	-0.703345
80.200000	-0.737993
80.300000	-0.770797
80.400000	-0.801675
80.500000	-0.830549
80.600000	-0.857346
80.700000	-0.882001
80.800000	-0.904451
80.900000	-0.924641
81.000000	-0.942519
81.100000	-0.958042
81.200000	-0.971170
81.300000	-0.981871
81.400000	-0.990117
81.500000	-0.995889
81.600000	-0.999172
81.700000	-0.999957
81.800000	-0.998243
81.900000	-0.994033
82.000000	-0.987339
82.100000	-0.978178
82.200000	-0.966571
82.300000	-0.952548
82.400000	-0.936145
82.500000	-0.917401
82.600000	-0.896365
82.700000	-0.873088
82.800000	-0.847629
82.900000	-0.820051
83.000000	-0.790424
83.100000	-0.758821
83.200000	-0.725321
83.300000	-0.690009
83.400000	-0.652971
83.500000	-0.614302
83.600000	-0.574097
83.700000	-0.532457
83.800000	-0.489487
83.900000	-0.445292
84.000000	-0.399985
84.100000	-0.353678
84.200000	-0.306488
84.300000	-0.258531
84.400000	-0.209928
84.500000	-0.160800
84.600000	-0.111270
84.700000	-0.061462
84.800000	-0.011501
84.900000	0.038490
85.000000	0.088384
85.100000	0.138057
85.200000	0.187385
85.300000	0.236245
85.400000	0.284514
85.500000	0.332072
85.600000	0.378800
85.700000	0.424581
85.800000	0.469301
85.900000	0.512848
86.000000	0.555113
86.100000	0.595991
86.200000	0.635379
86.300000	0.673179
86.400000	0.709296
86.500000	0.743641
86.600000	0.776126
86.700000	0.806672
86.800000	0.835202
86.900000	0.861644
87.000000	0.885932
87.100000	0.908006
87.200000	0.927810
87.300000	0.945295
87.400000	0.960418
87.500000	0.973140
87.600000	0.983430
87.700000	0.991261
87.800000	0.996616
87.900000	0.999478
88.000000	0.999843
88.100000	0.997709
88.200000	0.993081
88.300000	0.985971
88.400000	0.976396
88.500000	0.964381
88.600000	0.949956
88.700000	0.933156
88.800000	0.914023
88.900000	0.892606
89.000000	0.868958
89.100000	0.843138
89.200000	0.815211
89.300000	0.785246
89.400000	0.753318
89.500000	0.719508
89.600000	0.683899
89.700000	0.646581
89.800000	0.607646
89.900000	0.567193
90.000000	0.525322
90.100000	0.482138
90.200000	0.437749
90.300000	0.392266
90.400000	0.345802
90.500000	0.298474
90.600000	0.250400
90.700000	0.201700
90.800000	0.152496
90.900000	0.102911
91.000000	0.053069
91.100000	0.003093
91.200000	-0.046889
91.300000	-0.096755
91.400000	-0.146379
91.500000	-0.195637
91.600000	-0.244405
91.700000	-0.292563
91.800000	-0.339990
91.900000	-0.386567
92.000000	-0.432178
92.100000	-0.476708
92.200000	-0.520047
92.300000	-0.562087
92.400000	-0.602721
92.500000	-0.641849
92.600000	-0.679372
92.700000	-0.715197
92.800000	-0.749235
92.900000	-0.781400
93.000000	-0.811612
93.100000	-0.839796
93.200000	-0.865880
93.300000	-0.889800
93.400000	-0.911496
93.500000	-0.930914
93.600000	-0.948005
93.700000	-0.962726
93.800000	-0.975041
93.900000	-0.984919
94.000000	-0.992335
94.100000	-0.997271
94.200000	-0.999715
94.300000	-0.999659
94.400000	-0.997105
94.500000	-0.992059
94.600000	-0.984533
94.700000	-0.974546
94.800000	-0.962123
94.900000	-0.947296
95.000000	-0.930100
95.100000	-0.910580
95.200000	-0.888784
95.300000	-0.864767
95.400000	-0.838588
95.500000	-0.810313
95.600000	-0.780013
95.700000	-0.747763
95.800000	-0.713644
95.900000	-0.677741
96.000000	-0.640144
96.100000	-0.600948
96.200000	-0.560249
96.300000	-0.518150
96.400000	-0.474755
96.500000	-0.430175
96.600000	-0.384518
96.700000	-0.337901
96.800000	-0.290440
96.900000	-0.242252
97.000000	-0.193459
97.100000	-0.144182
97.200000	-0.094545
97.300000	-0.044671
97.400000	0.005314
97.500000	0.055286
97.600000	0.105119
97.700000	0.154690
97.800000	0.203874
97.900000	0.252549
98.000000	0.300593
98.100000	0.347885
98.200000	0.394307
98.300000	0.439744
98.400000	0.484082
98.500000	0.527210
98.600000	0.569020
98.700000	0.609408
98.800000	0.648273
98.900000	0.685517
99.000000	0.721048
99.100000	0.754777
99.200000	0.786619
99.300000	0.816495
99.400000	0.844330
99.500000	0.870055
99.600000	0.893605
99.700000	0.914922
99.800000	0.933951
99.900000	0.950647
